{"metadata":{"kernelspec":{"language":"python","display_name":"Python 3","name":"python3"},"language_info":{"name":"python","version":"3.10.13","mimetype":"text/x-python","codemirror_mode":{"name":"ipython","version":3},"pygments_lexer":"ipython3","nbconvert_exporter":"python","file_extension":".py"},"kaggle":{"accelerator":"none","dataSources":[{"sourceId":9098641,"sourceType":"datasetVersion","datasetId":5491023}],"dockerImageVersionId":30746,"isInternetEnabled":false,"language":"python","sourceType":"notebook","isGpuEnabled":false}},"nbformat_minor":4,"nbformat":4,"cells":[{"cell_type":"code","source":"# This Python 3 environment comes with many helpful analytics libraries installed\n# It is defined by the kaggle/python Docker image: https://github.com/kaggle/docker-python\n# For example, here's several helpful packages to load\n\nimport numpy as np # linear algebra\nimport pandas as pd # data processing, CSV file I/O (e.g. pd.read_csv)\n\n# Input data files are available in the read-only \"../input/\" directory\n# For example, running this (by clicking run or pressing Shift+Enter) will list all files under the input directory\n\nimport os\nfor dirname, _, filenames in os.walk('/kaggle/input'):\n    for filename in filenames:\n        print(os.path.join(dirname, filename))\n\n# You can write up to 20GB to the current directory (/kaggle/working/) that gets preserved as output when you create a version using \"Save & Run All\" \n# You can also write temporary files to /kaggle/temp/, but they won't be saved outside of the current session","metadata":{"_uuid":"8f2839f25d086af736a60e9eeb907d3b93b6e0e5","_cell_guid":"b1076dfc-b9ad-4769-8c92-a6c4dae69d19","trusted":true},"execution_count":null,"outputs":[]},{"cell_type":"code","source":"import pandas as pd\n\ndf = pd.DataFrame(pd.read_csv(\"/kaggle/input/metallica-studio-tracks-with-spotify-data/MetallicaAllTracks.csv\"))\n\ndf","metadata":{"execution":{"iopub.status.busy":"2024-08-19T07:58:42.438224Z","iopub.execute_input":"2024-08-19T07:58:42.439376Z","iopub.status.idle":"2024-08-19T07:58:43.671389Z","shell.execute_reply.started":"2024-08-19T07:58:42.439332Z","shell.execute_reply":"2024-08-19T07:58:43.670136Z"},"trusted":true},"execution_count":1,"outputs":[{"execution_count":1,"output_type":"execute_result","data":{"text/plain":"                                                 Track  \\\n0                                           72 Seasons   \n1                                       Shadows Follow   \n2                                    Screaming Suicide   \n3                               Sleepwalk My Life Away   \n4                                       You Must Burn!   \n..                                                 ...   \n360  No Remorse (Live at Espace Balard, Paris, Fran...   \n361  Ride The Lightning (Live at Espace Balard, Par...   \n362  Motorbreath (Live at Espace Balard, Paris, Fra...   \n363  (Anesthesia) – Pulling Teeth (Live at Espace B...   \n364  Whiplash (Live at Espace Balard, Paris, France...   \n\n                              Album    Year Duration  Time_Signature  \\\n0                        72 Seasons  2023.0     7:39               4   \n1                        72 Seasons  2023.0     6:11               4   \n2                        72 Seasons  2023.0     5:30               4   \n3                        72 Seasons  2023.0     6:56               4   \n4                        72 Seasons  2023.0     7:03               4   \n..                              ...     ...      ...             ...   \n360  Kill 'Em All (Deluxe Remaster)     NaN     6:24               4   \n361  Kill 'Em All (Deluxe Remaster)     NaN     6:26               4   \n362  Kill 'Em All (Deluxe Remaster)     NaN     3:05               4   \n363  Kill 'Em All (Deluxe Remaster)     NaN     3:12               4   \n364  Kill 'Em All (Deluxe Remaster)     NaN     4:08               4   \n\n     Danceability  Energy  Key  Loudness  Mode  Speechiness  Acousticness  \\\n0           0.193   0.983    9    -3.929     1       0.0591      0.000040   \n1           0.313   0.979   11    -3.907     1       0.0462      0.000121   \n2           0.425   0.972    4    -3.448     0       0.0450      0.000024   \n3           0.430   0.950   11    -4.203     1       0.0340      0.000017   \n4           0.397   0.958    6    -3.088     0       0.0341      0.000122   \n..            ...     ...  ...       ...   ...          ...           ...   \n360         0.261   0.996    2    -5.031     1       0.2940      0.008990   \n361         0.198   0.993    4    -5.348     1       0.2450      0.012500   \n362         0.159   0.994    2    -4.952     1       0.1380      0.001840   \n363         0.300   0.735    2    -8.133     1       0.0635      0.951000   \n364         0.157   0.994    9    -5.818     1       0.2060      0.002470   \n\n     Instrumentalness  Liveness  Valence    Tempo  Popularity  \n0              0.0375    0.0645   0.3850  168.193          51  \n1              0.0313    0.2610   0.6780  178.884          49  \n2              0.0202    0.2390   0.2820  101.125          51  \n3              0.0641    0.1030   0.5430  124.931          44  \n4              0.0203    0.0378   0.4160   85.836          43  \n..                ...       ...      ...      ...         ...  \n360            0.4670    0.7290   0.0406  107.790          14  \n361            0.1780    0.5820   0.1010  153.698          16  \n362            0.4400    0.8920   0.0995  181.980          13  \n363            0.9500    0.2090   0.5880  105.462          15  \n364            0.6050    0.9460   0.0676  171.468          12  \n\n[365 rows x 17 columns]","text/html":"<div>\n<style scoped>\n    .dataframe tbody tr th:only-of-type {\n        vertical-align: middle;\n    }\n\n    .dataframe tbody tr th {\n        vertical-align: top;\n    }\n\n    .dataframe thead th {\n        text-align: right;\n    }\n</style>\n<table border=\"1\" class=\"dataframe\">\n  <thead>\n    <tr style=\"text-align: right;\">\n      <th></th>\n      <th>Track</th>\n      <th>Album</th>\n      <th>Year</th>\n      <th>Duration</th>\n      <th>Time_Signature</th>\n      <th>Danceability</th>\n      <th>Energy</th>\n      <th>Key</th>\n      <th>Loudness</th>\n      <th>Mode</th>\n      <th>Speechiness</th>\n      <th>Acousticness</th>\n      <th>Instrumentalness</th>\n      <th>Liveness</th>\n      <th>Valence</th>\n      <th>Tempo</th>\n      <th>Popularity</th>\n    </tr>\n  </thead>\n  <tbody>\n    <tr>\n      <th>0</th>\n      <td>72 Seasons</td>\n      <td>72 Seasons</td>\n      <td>2023.0</td>\n      <td>7:39</td>\n      <td>4</td>\n      <td>0.193</td>\n      <td>0.983</td>\n      <td>9</td>\n      <td>-3.929</td>\n      <td>1</td>\n      <td>0.0591</td>\n      <td>0.000040</td>\n      <td>0.0375</td>\n      <td>0.0645</td>\n      <td>0.3850</td>\n      <td>168.193</td>\n      <td>51</td>\n    </tr>\n    <tr>\n      <th>1</th>\n      <td>Shadows Follow</td>\n      <td>72 Seasons</td>\n      <td>2023.0</td>\n      <td>6:11</td>\n      <td>4</td>\n      <td>0.313</td>\n      <td>0.979</td>\n      <td>11</td>\n      <td>-3.907</td>\n      <td>1</td>\n      <td>0.0462</td>\n      <td>0.000121</td>\n      <td>0.0313</td>\n      <td>0.2610</td>\n      <td>0.6780</td>\n      <td>178.884</td>\n      <td>49</td>\n    </tr>\n    <tr>\n      <th>2</th>\n      <td>Screaming Suicide</td>\n      <td>72 Seasons</td>\n      <td>2023.0</td>\n      <td>5:30</td>\n      <td>4</td>\n      <td>0.425</td>\n      <td>0.972</td>\n      <td>4</td>\n      <td>-3.448</td>\n      <td>0</td>\n      <td>0.0450</td>\n      <td>0.000024</td>\n      <td>0.0202</td>\n      <td>0.2390</td>\n      <td>0.2820</td>\n      <td>101.125</td>\n      <td>51</td>\n    </tr>\n    <tr>\n      <th>3</th>\n      <td>Sleepwalk My Life Away</td>\n      <td>72 Seasons</td>\n      <td>2023.0</td>\n      <td>6:56</td>\n      <td>4</td>\n      <td>0.430</td>\n      <td>0.950</td>\n      <td>11</td>\n      <td>-4.203</td>\n      <td>1</td>\n      <td>0.0340</td>\n      <td>0.000017</td>\n      <td>0.0641</td>\n      <td>0.1030</td>\n      <td>0.5430</td>\n      <td>124.931</td>\n      <td>44</td>\n    </tr>\n    <tr>\n      <th>4</th>\n      <td>You Must Burn!</td>\n      <td>72 Seasons</td>\n      <td>2023.0</td>\n      <td>7:03</td>\n      <td>4</td>\n      <td>0.397</td>\n      <td>0.958</td>\n      <td>6</td>\n      <td>-3.088</td>\n      <td>0</td>\n      <td>0.0341</td>\n      <td>0.000122</td>\n      <td>0.0203</td>\n      <td>0.0378</td>\n      <td>0.4160</td>\n      <td>85.836</td>\n      <td>43</td>\n    </tr>\n    <tr>\n      <th>...</th>\n      <td>...</td>\n      <td>...</td>\n      <td>...</td>\n      <td>...</td>\n      <td>...</td>\n      <td>...</td>\n      <td>...</td>\n      <td>...</td>\n      <td>...</td>\n      <td>...</td>\n      <td>...</td>\n      <td>...</td>\n      <td>...</td>\n      <td>...</td>\n      <td>...</td>\n      <td>...</td>\n      <td>...</td>\n    </tr>\n    <tr>\n      <th>360</th>\n      <td>No Remorse (Live at Espace Balard, Paris, Fran...</td>\n      <td>Kill 'Em All (Deluxe Remaster)</td>\n      <td>NaN</td>\n      <td>6:24</td>\n      <td>4</td>\n      <td>0.261</td>\n      <td>0.996</td>\n      <td>2</td>\n      <td>-5.031</td>\n      <td>1</td>\n      <td>0.2940</td>\n      <td>0.008990</td>\n      <td>0.4670</td>\n      <td>0.7290</td>\n      <td>0.0406</td>\n      <td>107.790</td>\n      <td>14</td>\n    </tr>\n    <tr>\n      <th>361</th>\n      <td>Ride The Lightning (Live at Espace Balard, Par...</td>\n      <td>Kill 'Em All (Deluxe Remaster)</td>\n      <td>NaN</td>\n      <td>6:26</td>\n      <td>4</td>\n      <td>0.198</td>\n      <td>0.993</td>\n      <td>4</td>\n      <td>-5.348</td>\n      <td>1</td>\n      <td>0.2450</td>\n      <td>0.012500</td>\n      <td>0.1780</td>\n      <td>0.5820</td>\n      <td>0.1010</td>\n      <td>153.698</td>\n      <td>16</td>\n    </tr>\n    <tr>\n      <th>362</th>\n      <td>Motorbreath (Live at Espace Balard, Paris, Fra...</td>\n      <td>Kill 'Em All (Deluxe Remaster)</td>\n      <td>NaN</td>\n      <td>3:05</td>\n      <td>4</td>\n      <td>0.159</td>\n      <td>0.994</td>\n      <td>2</td>\n      <td>-4.952</td>\n      <td>1</td>\n      <td>0.1380</td>\n      <td>0.001840</td>\n      <td>0.4400</td>\n      <td>0.8920</td>\n      <td>0.0995</td>\n      <td>181.980</td>\n      <td>13</td>\n    </tr>\n    <tr>\n      <th>363</th>\n      <td>(Anesthesia) – Pulling Teeth (Live at Espace B...</td>\n      <td>Kill 'Em All (Deluxe Remaster)</td>\n      <td>NaN</td>\n      <td>3:12</td>\n      <td>4</td>\n      <td>0.300</td>\n      <td>0.735</td>\n      <td>2</td>\n      <td>-8.133</td>\n      <td>1</td>\n      <td>0.0635</td>\n      <td>0.951000</td>\n      <td>0.9500</td>\n      <td>0.2090</td>\n      <td>0.5880</td>\n      <td>105.462</td>\n      <td>15</td>\n    </tr>\n    <tr>\n      <th>364</th>\n      <td>Whiplash (Live at Espace Balard, Paris, France...</td>\n      <td>Kill 'Em All (Deluxe Remaster)</td>\n      <td>NaN</td>\n      <td>4:08</td>\n      <td>4</td>\n      <td>0.157</td>\n      <td>0.994</td>\n      <td>9</td>\n      <td>-5.818</td>\n      <td>1</td>\n      <td>0.2060</td>\n      <td>0.002470</td>\n      <td>0.6050</td>\n      <td>0.9460</td>\n      <td>0.0676</td>\n      <td>171.468</td>\n      <td>12</td>\n    </tr>\n  </tbody>\n</table>\n<p>365 rows × 17 columns</p>\n</div>"},"metadata":{}}]},{"cell_type":"code","source":"keep_col = ['Year','Time_Signature','Danceability','Energy','Key','Loudness','Mode','Speechiness','Acousticness','Instrumentalness','Liveness','Valence','Tempo','Popularity']\nf = df[keep_col]\nf.corr()","metadata":{"execution":{"iopub.status.busy":"2024-08-19T08:01:29.043879Z","iopub.execute_input":"2024-08-19T08:01:29.045108Z","iopub.status.idle":"2024-08-19T08:01:29.078614Z","shell.execute_reply.started":"2024-08-19T08:01:29.045068Z","shell.execute_reply":"2024-08-19T08:01:29.077314Z"},"trusted":true},"execution_count":2,"outputs":[{"execution_count":2,"output_type":"execute_result","data":{"text/plain":"                      Year  Time_Signature  Danceability    Energy       Key  \\\nYear              1.000000        0.059952     -0.111911  0.363867  0.041727   \nTime_Signature    0.059952        1.000000     -0.045866  0.373809  0.085342   \nDanceability     -0.111911       -0.045866      1.000000 -0.210403  0.012989   \nEnergy            0.363867        0.373809     -0.210403  1.000000 -0.000233   \nKey               0.041727        0.085342      0.012989 -0.000233  1.000000   \nLoudness          0.701078        0.231597      0.004081  0.614896  0.009066   \nMode              0.026800        0.055241     -0.065490  0.084527 -0.208387   \nSpeechiness      -0.329107       -0.109683     -0.278324  0.114016 -0.032836   \nAcousticness     -0.194459       -0.233488     -0.123038 -0.409209 -0.011366   \nInstrumentalness -0.366282        0.034418     -0.217059 -0.080237  0.024439   \nLiveness         -0.096480       -0.113845     -0.419419  0.021876 -0.107487   \nValence           0.040125        0.077351      0.509876  0.047506  0.043080   \nTempo             0.100666       -0.088721     -0.327913  0.139241  0.026522   \nPopularity       -0.283619        0.041732      0.373857  0.044814  0.127180   \n\n                  Loudness      Mode  Speechiness  Acousticness  \\\nYear              0.701078  0.026800    -0.329107     -0.194459   \nTime_Signature    0.231597  0.055241    -0.109683     -0.233488   \nDanceability      0.004081 -0.065490    -0.278324     -0.123038   \nEnergy            0.614896  0.084527     0.114016     -0.409209   \nKey               0.009066 -0.208387    -0.032836     -0.011366   \nLoudness          1.000000  0.054679    -0.194245     -0.466704   \nMode              0.054679  1.000000     0.063820     -0.049980   \nSpeechiness      -0.194245  0.063820     1.000000      0.200384   \nAcousticness     -0.466704 -0.049980     0.200384      1.000000   \nInstrumentalness -0.348482 -0.038833     0.014277      0.196504   \nLiveness         -0.260779  0.045011     0.211101      0.140280   \nValence           0.202755 -0.015694    -0.249736     -0.118041   \nTempo             0.188284  0.003355     0.250737     -0.072639   \nPopularity        0.151813 -0.086284    -0.161961     -0.277947   \n\n                  Instrumentalness  Liveness   Valence     Tempo  Popularity  \nYear                     -0.366282 -0.096480  0.040125  0.100666   -0.283619  \nTime_Signature            0.034418 -0.113845  0.077351 -0.088721    0.041732  \nDanceability             -0.217059 -0.419419  0.509876 -0.327913    0.373857  \nEnergy                   -0.080237  0.021876  0.047506  0.139241    0.044814  \nKey                       0.024439 -0.107487  0.043080  0.026522    0.127180  \nLoudness                 -0.348482 -0.260779  0.202755  0.188284    0.151813  \nMode                     -0.038833  0.045011 -0.015694  0.003355   -0.086284  \nSpeechiness               0.014277  0.211101 -0.249736  0.250737   -0.161961  \nAcousticness              0.196504  0.140280 -0.118041 -0.072639   -0.277947  \nInstrumentalness          1.000000  0.024925 -0.113254 -0.086843   -0.048575  \nLiveness                  0.024925  1.000000 -0.459104 -0.054995   -0.521511  \nValence                  -0.113254 -0.459104  1.000000  0.011903    0.394717  \nTempo                    -0.086843 -0.054995  0.011903  1.000000    0.070138  \nPopularity               -0.048575 -0.521511  0.394717  0.070138    1.000000  ","text/html":"<div>\n<style scoped>\n    .dataframe tbody tr th:only-of-type {\n        vertical-align: middle;\n    }\n\n    .dataframe tbody tr th {\n        vertical-align: top;\n    }\n\n    .dataframe thead th {\n        text-align: right;\n    }\n</style>\n<table border=\"1\" class=\"dataframe\">\n  <thead>\n    <tr style=\"text-align: right;\">\n      <th></th>\n      <th>Year</th>\n      <th>Time_Signature</th>\n      <th>Danceability</th>\n      <th>Energy</th>\n      <th>Key</th>\n      <th>Loudness</th>\n      <th>Mode</th>\n      <th>Speechiness</th>\n      <th>Acousticness</th>\n      <th>Instrumentalness</th>\n      <th>Liveness</th>\n      <th>Valence</th>\n      <th>Tempo</th>\n      <th>Popularity</th>\n    </tr>\n  </thead>\n  <tbody>\n    <tr>\n      <th>Year</th>\n      <td>1.000000</td>\n      <td>0.059952</td>\n      <td>-0.111911</td>\n      <td>0.363867</td>\n      <td>0.041727</td>\n      <td>0.701078</td>\n      <td>0.026800</td>\n      <td>-0.329107</td>\n      <td>-0.194459</td>\n      <td>-0.366282</td>\n      <td>-0.096480</td>\n      <td>0.040125</td>\n      <td>0.100666</td>\n      <td>-0.283619</td>\n    </tr>\n    <tr>\n      <th>Time_Signature</th>\n      <td>0.059952</td>\n      <td>1.000000</td>\n      <td>-0.045866</td>\n      <td>0.373809</td>\n      <td>0.085342</td>\n      <td>0.231597</td>\n      <td>0.055241</td>\n      <td>-0.109683</td>\n      <td>-0.233488</td>\n      <td>0.034418</td>\n      <td>-0.113845</td>\n      <td>0.077351</td>\n      <td>-0.088721</td>\n      <td>0.041732</td>\n    </tr>\n    <tr>\n      <th>Danceability</th>\n      <td>-0.111911</td>\n      <td>-0.045866</td>\n      <td>1.000000</td>\n      <td>-0.210403</td>\n      <td>0.012989</td>\n      <td>0.004081</td>\n      <td>-0.065490</td>\n      <td>-0.278324</td>\n      <td>-0.123038</td>\n      <td>-0.217059</td>\n      <td>-0.419419</td>\n      <td>0.509876</td>\n      <td>-0.327913</td>\n      <td>0.373857</td>\n    </tr>\n    <tr>\n      <th>Energy</th>\n      <td>0.363867</td>\n      <td>0.373809</td>\n      <td>-0.210403</td>\n      <td>1.000000</td>\n      <td>-0.000233</td>\n      <td>0.614896</td>\n      <td>0.084527</td>\n      <td>0.114016</td>\n      <td>-0.409209</td>\n      <td>-0.080237</td>\n      <td>0.021876</td>\n      <td>0.047506</td>\n      <td>0.139241</td>\n      <td>0.044814</td>\n    </tr>\n    <tr>\n      <th>Key</th>\n      <td>0.041727</td>\n      <td>0.085342</td>\n      <td>0.012989</td>\n      <td>-0.000233</td>\n      <td>1.000000</td>\n      <td>0.009066</td>\n      <td>-0.208387</td>\n      <td>-0.032836</td>\n      <td>-0.011366</td>\n      <td>0.024439</td>\n      <td>-0.107487</td>\n      <td>0.043080</td>\n      <td>0.026522</td>\n      <td>0.127180</td>\n    </tr>\n    <tr>\n      <th>Loudness</th>\n      <td>0.701078</td>\n      <td>0.231597</td>\n      <td>0.004081</td>\n      <td>0.614896</td>\n      <td>0.009066</td>\n      <td>1.000000</td>\n      <td>0.054679</td>\n      <td>-0.194245</td>\n      <td>-0.466704</td>\n      <td>-0.348482</td>\n      <td>-0.260779</td>\n      <td>0.202755</td>\n      <td>0.188284</td>\n      <td>0.151813</td>\n    </tr>\n    <tr>\n      <th>Mode</th>\n      <td>0.026800</td>\n      <td>0.055241</td>\n      <td>-0.065490</td>\n      <td>0.084527</td>\n      <td>-0.208387</td>\n      <td>0.054679</td>\n      <td>1.000000</td>\n      <td>0.063820</td>\n      <td>-0.049980</td>\n      <td>-0.038833</td>\n      <td>0.045011</td>\n      <td>-0.015694</td>\n      <td>0.003355</td>\n      <td>-0.086284</td>\n    </tr>\n    <tr>\n      <th>Speechiness</th>\n      <td>-0.329107</td>\n      <td>-0.109683</td>\n      <td>-0.278324</td>\n      <td>0.114016</td>\n      <td>-0.032836</td>\n      <td>-0.194245</td>\n      <td>0.063820</td>\n      <td>1.000000</td>\n      <td>0.200384</td>\n      <td>0.014277</td>\n      <td>0.211101</td>\n      <td>-0.249736</td>\n      <td>0.250737</td>\n      <td>-0.161961</td>\n    </tr>\n    <tr>\n      <th>Acousticness</th>\n      <td>-0.194459</td>\n      <td>-0.233488</td>\n      <td>-0.123038</td>\n      <td>-0.409209</td>\n      <td>-0.011366</td>\n      <td>-0.466704</td>\n      <td>-0.049980</td>\n      <td>0.200384</td>\n      <td>1.000000</td>\n      <td>0.196504</td>\n      <td>0.140280</td>\n      <td>-0.118041</td>\n      <td>-0.072639</td>\n      <td>-0.277947</td>\n    </tr>\n    <tr>\n      <th>Instrumentalness</th>\n      <td>-0.366282</td>\n      <td>0.034418</td>\n      <td>-0.217059</td>\n      <td>-0.080237</td>\n      <td>0.024439</td>\n      <td>-0.348482</td>\n      <td>-0.038833</td>\n      <td>0.014277</td>\n      <td>0.196504</td>\n      <td>1.000000</td>\n      <td>0.024925</td>\n      <td>-0.113254</td>\n      <td>-0.086843</td>\n      <td>-0.048575</td>\n    </tr>\n    <tr>\n      <th>Liveness</th>\n      <td>-0.096480</td>\n      <td>-0.113845</td>\n      <td>-0.419419</td>\n      <td>0.021876</td>\n      <td>-0.107487</td>\n      <td>-0.260779</td>\n      <td>0.045011</td>\n      <td>0.211101</td>\n      <td>0.140280</td>\n      <td>0.024925</td>\n      <td>1.000000</td>\n      <td>-0.459104</td>\n      <td>-0.054995</td>\n      <td>-0.521511</td>\n    </tr>\n    <tr>\n      <th>Valence</th>\n      <td>0.040125</td>\n      <td>0.077351</td>\n      <td>0.509876</td>\n      <td>0.047506</td>\n      <td>0.043080</td>\n      <td>0.202755</td>\n      <td>-0.015694</td>\n      <td>-0.249736</td>\n      <td>-0.118041</td>\n      <td>-0.113254</td>\n      <td>-0.459104</td>\n      <td>1.000000</td>\n      <td>0.011903</td>\n      <td>0.394717</td>\n    </tr>\n    <tr>\n      <th>Tempo</th>\n      <td>0.100666</td>\n      <td>-0.088721</td>\n      <td>-0.327913</td>\n      <td>0.139241</td>\n      <td>0.026522</td>\n      <td>0.188284</td>\n      <td>0.003355</td>\n      <td>0.250737</td>\n      <td>-0.072639</td>\n      <td>-0.086843</td>\n      <td>-0.054995</td>\n      <td>0.011903</td>\n      <td>1.000000</td>\n      <td>0.070138</td>\n    </tr>\n    <tr>\n      <th>Popularity</th>\n      <td>-0.283619</td>\n      <td>0.041732</td>\n      <td>0.373857</td>\n      <td>0.044814</td>\n      <td>0.127180</td>\n      <td>0.151813</td>\n      <td>-0.086284</td>\n      <td>-0.161961</td>\n      <td>-0.277947</td>\n      <td>-0.048575</td>\n      <td>-0.521511</td>\n      <td>0.394717</td>\n      <td>0.070138</td>\n      <td>1.000000</td>\n    </tr>\n  </tbody>\n</table>\n</div>"},"metadata":{}}]},{"cell_type":"code","source":"f=f.dropna()\nf.corr()","metadata":{"execution":{"iopub.status.busy":"2024-08-19T08:02:05.584127Z","iopub.execute_input":"2024-08-19T08:02:05.584497Z","iopub.status.idle":"2024-08-19T08:02:05.616670Z","shell.execute_reply.started":"2024-08-19T08:02:05.584468Z","shell.execute_reply":"2024-08-19T08:02:05.615524Z"},"trusted":true},"execution_count":3,"outputs":[{"execution_count":3,"output_type":"execute_result","data":{"text/plain":"                      Year  Time_Signature  Danceability    Energy       Key  \\\nYear              1.000000        0.059952     -0.111911  0.363867  0.041727   \nTime_Signature    0.059952        1.000000     -0.112498  0.388575  0.132623   \nDanceability     -0.111911       -0.112498      1.000000 -0.365071 -0.016091   \nEnergy            0.363867        0.388575     -0.365071  1.000000 -0.035610   \nKey               0.041727        0.132623     -0.016091 -0.035610  1.000000   \nLoudness          0.701078        0.151383     -0.273997  0.650307 -0.075808   \nMode              0.026800       -0.067298     -0.048848  0.042860 -0.160504   \nSpeechiness      -0.329107        0.084780     -0.482061  0.297853 -0.039647   \nAcousticness     -0.194459       -0.343431      0.110573 -0.437639  0.022579   \nInstrumentalness -0.366282        0.088763     -0.161433 -0.115881  0.085621   \nLiveness         -0.096480       -0.181970      0.009105 -0.095565 -0.111471   \nValence           0.040125        0.189669      0.290072  0.081606  0.017833   \nTempo             0.100666        0.039229     -0.509335  0.145480  0.058588   \nPopularity       -0.283619       -0.031209      0.063885 -0.292787  0.179745   \n\n                  Loudness      Mode  Speechiness  Acousticness  \\\nYear              0.701078  0.026800    -0.329107     -0.194459   \nTime_Signature    0.151383 -0.067298     0.084780     -0.343431   \nDanceability     -0.273997 -0.048848    -0.482061      0.110573   \nEnergy            0.650307  0.042860     0.297853     -0.437639   \nKey              -0.075808 -0.160504    -0.039647      0.022579   \nLoudness          1.000000 -0.010470     0.010820     -0.256386   \nMode             -0.010470  1.000000     0.071742     -0.089541   \nSpeechiness       0.010820  0.071742     1.000000      0.091458   \nAcousticness     -0.256386 -0.089541     0.091458      1.000000   \nInstrumentalness -0.415323 -0.095815     0.069687      0.007912   \nLiveness         -0.088152  0.168805    -0.099964      0.026139   \nValence           0.001157 -0.037867    -0.326463     -0.150568   \nTempo             0.233632 -0.018532     0.411839      0.086812   \nPopularity       -0.312825 -0.217929     0.069974      0.323852   \n\n                  Instrumentalness  Liveness   Valence     Tempo  Popularity  \nYear                     -0.366282 -0.096480  0.040125  0.100666   -0.283619  \nTime_Signature            0.088763 -0.181970  0.189669  0.039229   -0.031209  \nDanceability             -0.161433  0.009105  0.290072 -0.509335    0.063885  \nEnergy                   -0.115881 -0.095565  0.081606  0.145480   -0.292787  \nKey                       0.085621 -0.111471  0.017833  0.058588    0.179745  \nLoudness                 -0.415323 -0.088152  0.001157  0.233632   -0.312825  \nMode                     -0.095815  0.168805 -0.037867 -0.018532   -0.217929  \nSpeechiness               0.069687 -0.099964 -0.326463  0.411839    0.069974  \nAcousticness              0.007912  0.026139 -0.150568  0.086812    0.323852  \nInstrumentalness          1.000000  0.175351 -0.118686 -0.090410   -0.073490  \nLiveness                  0.175351  1.000000  0.113381 -0.084839   -0.138409  \nValence                  -0.118686  0.113381  1.000000 -0.031066    0.040177  \nTempo                    -0.090410 -0.084839 -0.031066  1.000000    0.140155  \nPopularity               -0.073490 -0.138409  0.040177  0.140155    1.000000  ","text/html":"<div>\n<style scoped>\n    .dataframe tbody tr th:only-of-type {\n        vertical-align: middle;\n    }\n\n    .dataframe tbody tr th {\n        vertical-align: top;\n    }\n\n    .dataframe thead th {\n        text-align: right;\n    }\n</style>\n<table border=\"1\" class=\"dataframe\">\n  <thead>\n    <tr style=\"text-align: right;\">\n      <th></th>\n      <th>Year</th>\n      <th>Time_Signature</th>\n      <th>Danceability</th>\n      <th>Energy</th>\n      <th>Key</th>\n      <th>Loudness</th>\n      <th>Mode</th>\n      <th>Speechiness</th>\n      <th>Acousticness</th>\n      <th>Instrumentalness</th>\n      <th>Liveness</th>\n      <th>Valence</th>\n      <th>Tempo</th>\n      <th>Popularity</th>\n    </tr>\n  </thead>\n  <tbody>\n    <tr>\n      <th>Year</th>\n      <td>1.000000</td>\n      <td>0.059952</td>\n      <td>-0.111911</td>\n      <td>0.363867</td>\n      <td>0.041727</td>\n      <td>0.701078</td>\n      <td>0.026800</td>\n      <td>-0.329107</td>\n      <td>-0.194459</td>\n      <td>-0.366282</td>\n      <td>-0.096480</td>\n      <td>0.040125</td>\n      <td>0.100666</td>\n      <td>-0.283619</td>\n    </tr>\n    <tr>\n      <th>Time_Signature</th>\n      <td>0.059952</td>\n      <td>1.000000</td>\n      <td>-0.112498</td>\n      <td>0.388575</td>\n      <td>0.132623</td>\n      <td>0.151383</td>\n      <td>-0.067298</td>\n      <td>0.084780</td>\n      <td>-0.343431</td>\n      <td>0.088763</td>\n      <td>-0.181970</td>\n      <td>0.189669</td>\n      <td>0.039229</td>\n      <td>-0.031209</td>\n    </tr>\n    <tr>\n      <th>Danceability</th>\n      <td>-0.111911</td>\n      <td>-0.112498</td>\n      <td>1.000000</td>\n      <td>-0.365071</td>\n      <td>-0.016091</td>\n      <td>-0.273997</td>\n      <td>-0.048848</td>\n      <td>-0.482061</td>\n      <td>0.110573</td>\n      <td>-0.161433</td>\n      <td>0.009105</td>\n      <td>0.290072</td>\n      <td>-0.509335</td>\n      <td>0.063885</td>\n    </tr>\n    <tr>\n      <th>Energy</th>\n      <td>0.363867</td>\n      <td>0.388575</td>\n      <td>-0.365071</td>\n      <td>1.000000</td>\n      <td>-0.035610</td>\n      <td>0.650307</td>\n      <td>0.042860</td>\n      <td>0.297853</td>\n      <td>-0.437639</td>\n      <td>-0.115881</td>\n      <td>-0.095565</td>\n      <td>0.081606</td>\n      <td>0.145480</td>\n      <td>-0.292787</td>\n    </tr>\n    <tr>\n      <th>Key</th>\n      <td>0.041727</td>\n      <td>0.132623</td>\n      <td>-0.016091</td>\n      <td>-0.035610</td>\n      <td>1.000000</td>\n      <td>-0.075808</td>\n      <td>-0.160504</td>\n      <td>-0.039647</td>\n      <td>0.022579</td>\n      <td>0.085621</td>\n      <td>-0.111471</td>\n      <td>0.017833</td>\n      <td>0.058588</td>\n      <td>0.179745</td>\n    </tr>\n    <tr>\n      <th>Loudness</th>\n      <td>0.701078</td>\n      <td>0.151383</td>\n      <td>-0.273997</td>\n      <td>0.650307</td>\n      <td>-0.075808</td>\n      <td>1.000000</td>\n      <td>-0.010470</td>\n      <td>0.010820</td>\n      <td>-0.256386</td>\n      <td>-0.415323</td>\n      <td>-0.088152</td>\n      <td>0.001157</td>\n      <td>0.233632</td>\n      <td>-0.312825</td>\n    </tr>\n    <tr>\n      <th>Mode</th>\n      <td>0.026800</td>\n      <td>-0.067298</td>\n      <td>-0.048848</td>\n      <td>0.042860</td>\n      <td>-0.160504</td>\n      <td>-0.010470</td>\n      <td>1.000000</td>\n      <td>0.071742</td>\n      <td>-0.089541</td>\n      <td>-0.095815</td>\n      <td>0.168805</td>\n      <td>-0.037867</td>\n      <td>-0.018532</td>\n      <td>-0.217929</td>\n    </tr>\n    <tr>\n      <th>Speechiness</th>\n      <td>-0.329107</td>\n      <td>0.084780</td>\n      <td>-0.482061</td>\n      <td>0.297853</td>\n      <td>-0.039647</td>\n      <td>0.010820</td>\n      <td>0.071742</td>\n      <td>1.000000</td>\n      <td>0.091458</td>\n      <td>0.069687</td>\n      <td>-0.099964</td>\n      <td>-0.326463</td>\n      <td>0.411839</td>\n      <td>0.069974</td>\n    </tr>\n    <tr>\n      <th>Acousticness</th>\n      <td>-0.194459</td>\n      <td>-0.343431</td>\n      <td>0.110573</td>\n      <td>-0.437639</td>\n      <td>0.022579</td>\n      <td>-0.256386</td>\n      <td>-0.089541</td>\n      <td>0.091458</td>\n      <td>1.000000</td>\n      <td>0.007912</td>\n      <td>0.026139</td>\n      <td>-0.150568</td>\n      <td>0.086812</td>\n      <td>0.323852</td>\n    </tr>\n    <tr>\n      <th>Instrumentalness</th>\n      <td>-0.366282</td>\n      <td>0.088763</td>\n      <td>-0.161433</td>\n      <td>-0.115881</td>\n      <td>0.085621</td>\n      <td>-0.415323</td>\n      <td>-0.095815</td>\n      <td>0.069687</td>\n      <td>0.007912</td>\n      <td>1.000000</td>\n      <td>0.175351</td>\n      <td>-0.118686</td>\n      <td>-0.090410</td>\n      <td>-0.073490</td>\n    </tr>\n    <tr>\n      <th>Liveness</th>\n      <td>-0.096480</td>\n      <td>-0.181970</td>\n      <td>0.009105</td>\n      <td>-0.095565</td>\n      <td>-0.111471</td>\n      <td>-0.088152</td>\n      <td>0.168805</td>\n      <td>-0.099964</td>\n      <td>0.026139</td>\n      <td>0.175351</td>\n      <td>1.000000</td>\n      <td>0.113381</td>\n      <td>-0.084839</td>\n      <td>-0.138409</td>\n    </tr>\n    <tr>\n      <th>Valence</th>\n      <td>0.040125</td>\n      <td>0.189669</td>\n      <td>0.290072</td>\n      <td>0.081606</td>\n      <td>0.017833</td>\n      <td>0.001157</td>\n      <td>-0.037867</td>\n      <td>-0.326463</td>\n      <td>-0.150568</td>\n      <td>-0.118686</td>\n      <td>0.113381</td>\n      <td>1.000000</td>\n      <td>-0.031066</td>\n      <td>0.040177</td>\n    </tr>\n    <tr>\n      <th>Tempo</th>\n      <td>0.100666</td>\n      <td>0.039229</td>\n      <td>-0.509335</td>\n      <td>0.145480</td>\n      <td>0.058588</td>\n      <td>0.233632</td>\n      <td>-0.018532</td>\n      <td>0.411839</td>\n      <td>0.086812</td>\n      <td>-0.090410</td>\n      <td>-0.084839</td>\n      <td>-0.031066</td>\n      <td>1.000000</td>\n      <td>0.140155</td>\n    </tr>\n    <tr>\n      <th>Popularity</th>\n      <td>-0.283619</td>\n      <td>-0.031209</td>\n      <td>0.063885</td>\n      <td>-0.292787</td>\n      <td>0.179745</td>\n      <td>-0.312825</td>\n      <td>-0.217929</td>\n      <td>0.069974</td>\n      <td>0.323852</td>\n      <td>-0.073490</td>\n      <td>-0.138409</td>\n      <td>0.040177</td>\n      <td>0.140155</td>\n      <td>1.000000</td>\n    </tr>\n  </tbody>\n</table>\n</div>"},"metadata":{}}]},{"cell_type":"code","source":"f","metadata":{"execution":{"iopub.status.busy":"2024-08-19T08:02:23.663714Z","iopub.execute_input":"2024-08-19T08:02:23.664702Z","iopub.status.idle":"2024-08-19T08:02:23.691910Z","shell.execute_reply.started":"2024-08-19T08:02:23.664663Z","shell.execute_reply":"2024-08-19T08:02:23.690614Z"},"trusted":true},"execution_count":4,"outputs":[{"execution_count":4,"output_type":"execute_result","data":{"text/plain":"       Year  Time_Signature  Danceability  Energy  Key  Loudness  Mode  \\\n0    2023.0               4         0.193   0.983    9    -3.929     1   \n1    2023.0               4         0.313   0.979   11    -3.907     1   \n2    2023.0               4         0.425   0.972    4    -3.448     0   \n3    2023.0               4         0.430   0.950   11    -4.203     1   \n4    2023.0               4         0.397   0.958    6    -3.088     0   \n..      ...             ...           ...     ...  ...       ...   ...   \n340  1983.0               4         0.386   0.911    4    -6.474     0   \n341  1983.0               4         0.212   0.973    2    -5.307     1   \n342  1983.0               4         0.296   0.915    9    -5.979     1   \n343  1983.0               4         0.439   0.963    9    -5.508     1   \n344  1983.0               4         0.166   0.956    9    -5.307     1   \n\n     Speechiness  Acousticness  Instrumentalness  Liveness  Valence    Tempo  \\\n0         0.0591      0.000040           0.03750    0.0645    0.385  168.193   \n1         0.0462      0.000121           0.03130    0.2610    0.678  178.884   \n2         0.0450      0.000024           0.02020    0.2390    0.282  101.125   \n3         0.0340      0.000017           0.06410    0.1030    0.543  124.931   \n4         0.0341      0.000122           0.02030    0.0378    0.416   85.836   \n..           ...           ...               ...       ...      ...      ...   \n340       0.0956      0.000608           0.44300    0.1350    0.188  158.045   \n341       0.3220      0.000842           0.02130    0.0921    0.112  159.381   \n342       0.1630      0.000297           0.34600    0.3620    0.245   96.715   \n343       0.2770      0.036400           0.00896    0.0784    0.435  140.805   \n344       0.1450      0.000081           0.00515    0.1180    0.238  176.217   \n\n     Popularity  \n0            51  \n1            49  \n2            51  \n3            44  \n4            43  \n..          ...  \n340          54  \n341          44  \n342          45  \n343          64  \n344          45  \n\n[119 rows x 14 columns]","text/html":"<div>\n<style scoped>\n    .dataframe tbody tr th:only-of-type {\n        vertical-align: middle;\n    }\n\n    .dataframe tbody tr th {\n        vertical-align: top;\n    }\n\n    .dataframe thead th {\n        text-align: right;\n    }\n</style>\n<table border=\"1\" class=\"dataframe\">\n  <thead>\n    <tr style=\"text-align: right;\">\n      <th></th>\n      <th>Year</th>\n      <th>Time_Signature</th>\n      <th>Danceability</th>\n      <th>Energy</th>\n      <th>Key</th>\n      <th>Loudness</th>\n      <th>Mode</th>\n      <th>Speechiness</th>\n      <th>Acousticness</th>\n      <th>Instrumentalness</th>\n      <th>Liveness</th>\n      <th>Valence</th>\n      <th>Tempo</th>\n      <th>Popularity</th>\n    </tr>\n  </thead>\n  <tbody>\n    <tr>\n      <th>0</th>\n      <td>2023.0</td>\n      <td>4</td>\n      <td>0.193</td>\n      <td>0.983</td>\n      <td>9</td>\n      <td>-3.929</td>\n      <td>1</td>\n      <td>0.0591</td>\n      <td>0.000040</td>\n      <td>0.03750</td>\n      <td>0.0645</td>\n      <td>0.385</td>\n      <td>168.193</td>\n      <td>51</td>\n    </tr>\n    <tr>\n      <th>1</th>\n      <td>2023.0</td>\n      <td>4</td>\n      <td>0.313</td>\n      <td>0.979</td>\n      <td>11</td>\n      <td>-3.907</td>\n      <td>1</td>\n      <td>0.0462</td>\n      <td>0.000121</td>\n      <td>0.03130</td>\n      <td>0.2610</td>\n      <td>0.678</td>\n      <td>178.884</td>\n      <td>49</td>\n    </tr>\n    <tr>\n      <th>2</th>\n      <td>2023.0</td>\n      <td>4</td>\n      <td>0.425</td>\n      <td>0.972</td>\n      <td>4</td>\n      <td>-3.448</td>\n      <td>0</td>\n      <td>0.0450</td>\n      <td>0.000024</td>\n      <td>0.02020</td>\n      <td>0.2390</td>\n      <td>0.282</td>\n      <td>101.125</td>\n      <td>51</td>\n    </tr>\n    <tr>\n      <th>3</th>\n      <td>2023.0</td>\n      <td>4</td>\n      <td>0.430</td>\n      <td>0.950</td>\n      <td>11</td>\n      <td>-4.203</td>\n      <td>1</td>\n      <td>0.0340</td>\n      <td>0.000017</td>\n      <td>0.06410</td>\n      <td>0.1030</td>\n      <td>0.543</td>\n      <td>124.931</td>\n      <td>44</td>\n    </tr>\n    <tr>\n      <th>4</th>\n      <td>2023.0</td>\n      <td>4</td>\n      <td>0.397</td>\n      <td>0.958</td>\n      <td>6</td>\n      <td>-3.088</td>\n      <td>0</td>\n      <td>0.0341</td>\n      <td>0.000122</td>\n      <td>0.02030</td>\n      <td>0.0378</td>\n      <td>0.416</td>\n      <td>85.836</td>\n      <td>43</td>\n    </tr>\n    <tr>\n      <th>...</th>\n      <td>...</td>\n      <td>...</td>\n      <td>...</td>\n      <td>...</td>\n      <td>...</td>\n      <td>...</td>\n      <td>...</td>\n      <td>...</td>\n      <td>...</td>\n      <td>...</td>\n      <td>...</td>\n      <td>...</td>\n      <td>...</td>\n      <td>...</td>\n    </tr>\n    <tr>\n      <th>340</th>\n      <td>1983.0</td>\n      <td>4</td>\n      <td>0.386</td>\n      <td>0.911</td>\n      <td>4</td>\n      <td>-6.474</td>\n      <td>0</td>\n      <td>0.0956</td>\n      <td>0.000608</td>\n      <td>0.44300</td>\n      <td>0.1350</td>\n      <td>0.188</td>\n      <td>158.045</td>\n      <td>54</td>\n    </tr>\n    <tr>\n      <th>341</th>\n      <td>1983.0</td>\n      <td>4</td>\n      <td>0.212</td>\n      <td>0.973</td>\n      <td>2</td>\n      <td>-5.307</td>\n      <td>1</td>\n      <td>0.3220</td>\n      <td>0.000842</td>\n      <td>0.02130</td>\n      <td>0.0921</td>\n      <td>0.112</td>\n      <td>159.381</td>\n      <td>44</td>\n    </tr>\n    <tr>\n      <th>342</th>\n      <td>1983.0</td>\n      <td>4</td>\n      <td>0.296</td>\n      <td>0.915</td>\n      <td>9</td>\n      <td>-5.979</td>\n      <td>1</td>\n      <td>0.1630</td>\n      <td>0.000297</td>\n      <td>0.34600</td>\n      <td>0.3620</td>\n      <td>0.245</td>\n      <td>96.715</td>\n      <td>45</td>\n    </tr>\n    <tr>\n      <th>343</th>\n      <td>1983.0</td>\n      <td>4</td>\n      <td>0.439</td>\n      <td>0.963</td>\n      <td>9</td>\n      <td>-5.508</td>\n      <td>1</td>\n      <td>0.2770</td>\n      <td>0.036400</td>\n      <td>0.00896</td>\n      <td>0.0784</td>\n      <td>0.435</td>\n      <td>140.805</td>\n      <td>64</td>\n    </tr>\n    <tr>\n      <th>344</th>\n      <td>1983.0</td>\n      <td>4</td>\n      <td>0.166</td>\n      <td>0.956</td>\n      <td>9</td>\n      <td>-5.307</td>\n      <td>1</td>\n      <td>0.1450</td>\n      <td>0.000081</td>\n      <td>0.00515</td>\n      <td>0.1180</td>\n      <td>0.238</td>\n      <td>176.217</td>\n      <td>45</td>\n    </tr>\n  </tbody>\n</table>\n<p>119 rows × 14 columns</p>\n</div>"},"metadata":{}}]},{"cell_type":"code","source":"import pandas as pd\nimport numpy as np\nimport matplotlib.pyplot as plt\nimport seaborn as sns\nfrom sklearn.model_selection import train_test_split\nfrom sklearn.linear_model import LinearRegression\nfrom sklearn.metrics import mean_squared_error, mean_absolute_error\nfrom sklearn import preprocessing\nX = f.drop(['Popularity'],axis= 1)\ny = f['Popularity']\nX_train, X_test, y_train, y_test = train_test_split(X, y, test_size=0.9, random_state=